image_width: 382
image_height: 288
camera_name: optris_13120039
camera_matrix:
   rows: 3
   cols: 3
   data: [ 3.6815378351200394e+02, 0., 1.9115209545337589e+02, 0.,
       3.6830342928834506e+02, 1.4618780560596565e+02, 0., 0., 1.]
distortion_model: plumb_bob
distortion_coefficients:
   rows: 1
   cols: 8
   data: [-1.4633573708162703e-01, 4.7654857638167556e+00,
       -1.3676291151466262e-03, 1.1861375781884078e-03,
       7.1065978683493833e+00, 3.3613360635081779e-01,
       4.2084166043998934e+00, 1.0749118003458383e+01 ]
rectification_matrix:
   rows: 3
   cols: 3
   data: [ 1., 0., 0., 0., 1., 0., 0., 0., 1. ]
projection_matrix:
   rows: 3
   cols: 4
   data: [3.4929673721148572e+02, 0., 1.9050000000000000e+02, 0.,
       0., 3.4943871804600218e+02, 1.4350000000000000e+02, 0., 0., 0., 1., 0.]
